   1.0000000E+10   28804.17152441406    
   1.1091748E+10   28979.98152441406    
   1.2302688E+10   29149.03152441406    
   1.3645831E+10   29466.92152441406    
   1.5135613E+10   29615.90152441406    
   1.6788040E+10   29758.35152441406    
   1.8620871E+10   29894.43152441406    
   2.0653801E+10   30024.28152441406    
   2.2908678E+10   30024.28152441406    
   2.5409729E+10   30148.08152441406    
   2.8183831E+10   30378.27152441406    
   3.1260793E+10   30485.07152441406    
   3.4673689E+10   30485.07152441406    
   3.8459183E+10   30683.16152441406    
   4.2657952E+10   30917.53152441406    
   4.7315124E+10   31141.05152441406    
   5.2480750E+10   31354.02152441406    
   5.8210333E+10   31556.78152441406    
   6.4565436E+10   31674.93152441406    
   7.1614349E+10   31862.03152441406    
   7.9432827E+10   32107.38152441406    
   8.8104894E+10   32208.71152441406    
   9.7723728E+10   32430.30152441406    
   1.0839272E+11   32579.73152441406    
   1.2022646E+11   32702.82152441407    
   1.3335214E+11   32929.77352441406    
   1.4791085E+11   33043.29852441407    
   1.6405899E+11   33275.38552441406    
   1.8197008E+11   33501.21052441407    
   2.0183668E+11   33736.47412441406    
   2.2387214E+11   34009.14452441406    
   2.4831336E+11   34220.40052441406    
   2.7542290E+11   34510.14782441406    
   3.0549213E+11   34787.73507509766    
   3.3884425E+11   35061.16863027343    
   3.7583743E+11   35330.48768173828    
   4.1686952E+11   35595.72911367187    
   4.6238109E+11   35856.91898193360    
   5.1286144E+11   36078.74790097655    
   5.6885307E+11   36428.41389316407    
   6.3095747E+11   36776.83612636718    
   6.9984204E+11   37158.71675703125    
   7.7624731E+11   37504.68126093750    
   8.6099388E+11   37814.53391660156    
   9.5499262E+11   38193.10863222656    
   1.0592539E+12   38499.83106289063    
   1.1748980E+12   38840.49183613281    
   1.3031667E+12   39179.80024433594    
   1.4454401E+12   39555.70876679688    
   1.6032460E+12   39854.41602148437    
   1.7782794E+12   40229.89235605469    
   1.9724231E+12   40565.27115957031    
   2.1877625E+12   40899.60144531250    
   2.4266101E+12   41232.94943417970    
   2.6915355E+12   41565.40804296875    
   2.9853834E+12   41848.63458925781    
   3.3113110E+12   42228.19468925781    
   3.6728236E+12   42558.81457167969    
   4.0738040E+12   42833.52949218750    
   4.5185614E+12   43161.11156093750    
   5.0118729E+12   43550.26201855469    
   5.5590440E+12   43816.68608632813    
   6.1659525E+12   44145.33333808594    
   6.8391168E+12   44475.02440488282    
   7.5857773E+12   44882.44344199219    
   8.4139552E+12   45219.93271367187    
   9.3325435E+12   45474.89700976562    
   1.0351425E+13   45903.80954980469    
   1.1481541E+13   46251.39653125000    
   1.2735031E+13   46603.63395371094    
   1.4125379E+13   46853.75817265625    
   1.5667517E+13   47211.06781601562    
   1.7378020E+13   47575.00816484375    
   1.9275251E+13   48074.99293125000    
   2.1379628E+13   48326.41640390625    
   2.3713750E+13   48715.85482187500    
   2.6302686E+13   49115.89749179688    
   2.9174278E+13   49527.70289414062    
   3.2359383E+13   50126.39258593750    
   3.5892199E+13   50391.64076835937    
   3.9810731E+13   51042.97133710937    
   4.4157066E+13   51318.55141406250    
   4.8977890E+13   52031.48419218751    
   5.4325045E+13   52320.64007617187    
   6.0255984E+13   53105.32294726563    
   6.6834397E+13   53411.70204882812    
   7.4131043E+13   53995.32089453125    
   8.2224305E+13   54909.33688085938    
   9.1201097E+13   55570.74989257813    
   1.0115797E+14   55924.13696484375    
   1.1220189E+14   56634.25895898438    
   1.2445153E+14   57769.29708398438    
   1.3803853E+14   58582.65903710938    
   1.5310874E+14   59441.21300390625    
   1.6982438E+14   59882.07998242188    
   1.8836493E+14   61307.14006445312    
   2.0892969E+14   61793.85188671874    
   2.3173959E+14   62833.90088867187    
   2.5703977E+14   63935.26605468750    
   2.8510211E+14   65102.18810156250    
   3.1622777E+14   66339.09911718751    
   3.5075193E+14   68370.51789843749    
   3.8904528E+14   69042.22003124999    
   4.3151932E+14   71333.77303125001    
   4.7863045E+14   72953.43009960938    
   5.3088494E+14   74673.29095898439    
   5.8884364E+14   76500.00794726562    
   6.5313064E+14   78440.61601757813    
   7.2443616E+14   79390.75798242187    
   8.0352651E+14   81510.78188476563    
   8.9125155E+14   83764.01789453124    
   9.8855390E+14   86159.19192382813    
   1.0964781E+15   84253.67296484375    
   1.2161862E+15   83974.01097265624    
   1.3489632E+15   83875.93591210939    
   1.4962363E+15   83956.91600195311    
   1.6595880E+15   85494.86788867187    
   1.8407735E+15   85850.17389062501    
   2.0417398E+15   84842.31804492186    
   2.2646445E+15   82915.64099023439    
   2.5118869E+15   81194.10103710937    
   2.7861222E+15   78732.93700390623    
   3.0902972E+15   77447.80789257812    
   3.4276803E+15   76337.87789843749    
   3.8018975E+15   76180.39206249999    
   4.2169651E+15   75359.91088671875    
   4.6773520E+15   74702.01797265623    
   5.1880021E+15   74203.07398828125    
   5.7544026E+15   73580.82085156250    
   6.3826398E+15   72913.39489453126    
   7.0794639E+15   72402.35918750000    
   7.8523647E+15   71488.83407421874    
   8.7096369E+15   70330.33707812501    
   9.6605121E+15   69208.72387890624    
   1.0715199E+16   68153.83317187500    
   1.1885030E+16   67001.10480859375    
   1.3182579E+16   65396.89198046875    
   1.4621786E+16   64490.73199609375    
   1.6218103E+16   63098.99501171874    
   1.7988714E+16   61848.30702734375    
   1.9952631E+16   60733.34399609375    
   2.2130959E+16   59749.41012890625    
   2.4547108E+16   58892.55382812500    
   2.7227039E+16   57178.06508203126    
   3.0199551E+16   54882.48493359375    
   3.3496553E+16   52715.65003906251    
   3.7153537E+16   50668.39293554688    
   4.1209777E+16   48732.25892773436    
   4.5708854E+16   46899.49904101562    
   5.0699121E+16   45162.93398828125    
   5.6234196E+16   43515.97094921875    
   6.2373495E+16   41952.52400195312    
   6.9183118E+16   40466.97101953125    
   7.6736188E+16   39054.13179414062    
   8.5113857E+16   37709.23932382813    
   9.4406164E+16   36427.88176289063    
   1.0471297E+17   35205.97002734375    
   1.1614488E+17   34039.75786250000    
   1.2882499E+17   32746.21013320312    
   1.4288946E+17   31860.74801015625    
   1.5848943E+17   30673.48119804688    
   1.7579250E+17   29866.01324042969    
   1.9498466E+17   28930.97870585938    
   2.1627210E+17   28034.28714726563    
   2.3988336E+17   27173.74019218750    
   2.6607262E+17   26203.39214003906    
   2.9512108E+17   25553.06635664062    
   3.2734097E+17   24789.29796582031    
   3.6307839E+17   24054.35387363281    
   4.0271747E+17   23219.11995312500    
   4.4668368E+17   22664.97890781250    
   4.9545038E+17   22007.80640195312    
   5.4954117E+17   21257.10740683594    
   6.0953736E+17   20648.80257656250    
   6.7608358E+17   20061.50734531250    
   7.4989504E+17   19601.44160390625    
   8.3176392E+17   18946.02605078125    
   9.2257176E+17   18517.33914238281    
   1.0232935E+18   17903.42515175782    
   1.1350116E+18   17503.21730097656    
   1.2589265E+18   17020.49669902344    
   1.3963697E+18   16553.08204531250    
   1.5488185E+18   16100.33200683594    
   1.7179109E+18   15575.91881757812    
   1.9054637E+18   15236.44762734375    
   2.1134928E+18   14743.05287500000    
   2.3442281E+18   14424.41272285156    
   2.6001592E+18   13959.73809531250    
   2.8840316E+18   13585.48609716797    
   3.1988960E+18   13222.26190322266    
   3.5481353E+18   12869.65867001953    
   3.9355031E+18   12527.29430068359    
   4.3651620E+18   12261.95408007812    
   4.8417286E+18   11871.83696962891    
   5.3703238E+18   11621.71861630859    
   5.9566290E+18   11315.15642294922    
   6.6069450E+18   11017.22259482422    
   7.3282571E+18   10668.87392548828    
   8.1283200E+18   10446.10868505859    
   9.0157095E+18   10172.39510849609    
   1.0000000E+19   7797.621324218750    
