  0.4786E+15  0.8204E+05  0.4263E+04
  0.5495E+15  0.7430E+05  0.4403E+04
  0.6761E+15  0.8580E+05  0.6137E+04
  0.8318E+15  0.6561E+05  0.6165E+04
  0.1023E+16  0.7682E+05  0.8191E+04
  0.1259E+16  0.6902E+05  0.3587E+04
  0.1549E+16  0.7456E+05  0.4418E+04
  0.1905E+16  0.7379E+05  0.5277E+04
  0.2344E+16  0.7898E+05  0.6628E+04
  0.2884E+16  0.8851E+05  0.8987E+04
  0.3548E+16  0.9026E+05  0.2529E+04
  0.4365E+16  0.1016E+06  0.3329E+04
  0.5370E+16  0.1027E+06  0.4345E+04
  0.6457E+16  0.8800E+05  0.4147E+04
  0.7943E+16  0.7745E+05  0.2353E+04
  0.9772E+16  0.7542E+05  0.2830E+04
  0.1202E+17  0.7499E+05  0.3354E+04
  0.1479E+17  0.5895E+05  0.3493E+04
  0.1820E+17  0.6776E+05  0.4513E+04
  0.2239E+17  0.5291E+05  0.4705E+04
  0.2754E+17  0.5508E+05  0.5733E+04
  0.3388E+17  0.5451E+05  0.6934E+04
  0.4169E+17  0.4909E+05  0.1143E+04
  0.5129E+17  0.4803E+05  0.1346E+04
  0.6310E+17  0.4732E+05  0.1550E+04
  0.7762E+17  0.4462E+05  0.1781E+04
  0.9550E+17  0.3936E+05  0.2045E+04
  0.1175E+18  0.3771E+05  0.2419E+04
  0.1445E+18  0.3715E+05  0.2933E+04
  0.1778E+18  0.3720E+05  0.2569E+04
  0.2188E+18  0.2884E+05  0.2565E+04
  0.2692E+18  0.2695E+05  0.2942E+04
  0.3311E+18  0.3069E+05  0.3983E+04
  0.4074E+18  0.2374E+05  0.3960E+04
  0.1202E+18  0.3664E+05  0.4243E+03
  0.1514E+18  0.3475E+05  0.4835E+03
  0.1905E+18  0.3251E+05  0.6044E+03
  0.2399E+18  0.2979E+05  0.6938E+03
  0.3020E+18  0.2825E+05  0.8584E+03
  0.3802E+18  0.2704E+05  0.1015E+04
  0.4786E+18  0.2270E+05  0.1125E+04
  0.6026E+18  0.2393E+05  0.1418E+04
  0.7586E+18  0.2094E+05  0.1653E+04
  0.9550E+18  0.1698E+05  0.1811E+04
  0.1202E+19  0.1589E+05  0.2186E+04
  0.1514E+19  0.1626E+05  0.2975E+04
