-0.044382 1.351088
-0.052438 0.972215
-0.064062 0.742847
-0.082292 0.554811
-0.095930 1.129402
-0.114961 0.387086
-0.114961 0.855629
-0.132455 1.389528
-0.143348 0.651296
-0.156177 0.988432
-0.190126 0.231183
-0.190126 0.476034
-0.190126 0.757884
-0.190126 1.159279
-0.218512 1.520775
-0.226961 0.878434
-0.242564 0.571427
-0.256645 1.021584
-0.281035 0.317560
-0.281035 0.674491
-0.281035 1.213225
-0.310383 0.787898
-0.333473 0.408096
-0.333473 0.916909
-0.352095 1.073593
-0.367422 0.503144
-0.367422 1.303033
-0.391144 0.603941
-0.408638 0.712642
-0.422064 0.832970
-0.432689 0.972215
-0.441306 1.149145
-0.448434 1.520775
-0.523599 0.086711
-0.523599 0.174083
-0.523599 0.262823
-0.523599 0.353742
-0.523599 0.447832
-0.523599 0.546401
-0.523599 0.651296
-0.523599 0.765393
-0.523599 0.893744
-0.523599 1.047198
-0.523599 1.261763
-0.598763 1.520775
-0.605891 1.149145
-0.614508 0.972215
-0.625134 0.832970
-0.638560 0.712642
-0.656053 0.603941
-0.679776 0.503144
-0.679776 1.303033
-0.695102 1.073593
-0.713724 0.408096
-0.713724 0.916909
-0.736814 0.787898
-0.766163 0.317560
-0.766163 0.674491
-0.766163 1.213225
-0.790553 1.021584
-0.804634 0.571427
-0.820236 0.878434
-0.828685 1.520775
-0.857072 0.231183
-0.857072 0.476034
-0.857072 0.757884
-0.857072 1.159279
-0.891021 0.988432
-0.903850 0.651296
-0.914743 1.389528
-0.932237 0.387086
-0.932237 0.855629
-0.951268 1.129402
-0.964905 0.554811
-0.983135 0.742847
-0.994759 0.972215
-1.002815 1.351088
-1.047198 0.150568
-1.047198 0.304693
-1.047198 0.466765
-1.047198 0.643501
-1.047198 0.848062
-1.047198 1.119770
-1.091580 1.351088
-1.099636 0.972215
-1.111260 0.742847
-1.129490 0.554811
-1.143127 1.129402
-1.162158 0.387086
-1.162158 0.855629
-1.179652 1.389528
-1.190545 0.651296
-1.203374 0.988432
-1.237323 0.231183
-1.237323 0.476034
-1.237323 0.757884
-1.237323 1.159279
-1.265710 1.520775
-1.274159 0.878434
-1.289761 0.571427
-1.303842 1.021584
-1.328232 0.317560
-1.328232 0.674491
-1.328232 1.213225
-1.357581 0.787898
-1.380671 0.408096
-1.380671 0.916909
-1.399293 1.073593
-1.414619 0.503144
-1.414619 1.303033
-1.438342 0.603941
-1.455835 0.712642
-1.469261 0.832970
-1.479887 0.972215
-1.488504 1.149145
-1.495632 1.520775
-1.570796 0.086711
-1.570796 0.174083
-1.570796 0.262823
-1.570796 0.353742
-1.570796 0.447832
-1.570796 0.546401
-1.570796 0.651296
-1.570796 0.765393
-1.570796 0.893744
-1.570796 1.047198
-1.570796 1.261763
-1.645961 1.520775
-1.653089 1.149145
-1.661706 0.972215
-1.672331 0.832970
-1.685757 0.712642
-1.703251 0.603941
-1.726973 0.503144
-1.726973 1.303033
-1.742300 1.073593
-1.760922 0.408096
-1.760922 0.916909
-1.784012 0.787898
-1.813360 0.317560
-1.813360 0.674491
-1.813360 1.213225
-1.837750 1.021584
-1.851831 0.571427
-1.867434 0.878434
-1.875883 1.520775
-1.904269 0.231183
-1.904269 0.476034
-1.904269 0.757884
-1.904269 1.159279
-1.938218 0.988432
-1.951048 0.651296
-1.961941 1.389528
-1.979434 0.387086
-1.979434 0.855629
-1.998465 1.129402
-2.012103 0.554811
-2.030333 0.742847
-2.041957 0.972215
-2.050013 1.351088
-2.094395 0.150568
-2.094395 0.304693
-2.094395 0.466765
-2.094395 0.643501
-2.094395 0.848062
-2.094395 1.119770
-2.138777 1.351088
-2.146833 0.972215
-2.158457 0.742847
-2.176687 0.554811
-2.190325 1.129402
-2.209356 0.387086
-2.209356 0.855629
-2.226850 1.389528
-2.237743 0.651296
-2.250572 0.988432
-2.284521 0.231183
-2.284521 0.476034
-2.284521 0.757884
-2.284521 1.159279
-2.312907 1.520775
-2.321356 0.878434
-2.336959 0.571427
-2.351040 1.021584
-2.375430 0.317560
-2.375430 0.674491
-2.375430 1.213225
-2.404778 0.787898
-2.427868 0.408096
-2.427868 0.916909
-2.446490 1.073593
-2.461817 0.503144
-2.461817 1.303033
-2.485539 0.603941
-2.503033 0.712642
-2.516459 0.832970
-2.527085 0.972215
-2.535702 1.149145
-2.542829 1.520775
-2.617994 0.086711
-2.617994 0.174083
-2.617994 0.262823
-2.617994 0.353742
-2.617994 0.447832
-2.617994 0.546401
-2.617994 0.651296
-2.617994 0.765393
-2.617994 0.893744
-2.617994 1.047198
-2.617994 1.261763
-2.693159 1.520775
-2.700286 1.149145
-2.708903 0.972215
-2.719529 0.832970
-2.732955 0.712642
-2.750448 0.603941
-2.774171 0.503144
-2.774171 1.303033
-2.789497 1.073593
-2.808119 0.408096
-2.808119 0.916909
-2.831209 0.787898
-2.860558 0.317560
-2.860558 0.674491
-2.860558 1.213225
-2.884948 1.021584
-2.899029 0.571427
-2.914632 0.878434
-2.923080 1.520775
-2.951467 0.231183
-2.951467 0.476034
-2.951467 0.757884
-2.951467 1.159279
-2.985416 0.988432
-2.998245 0.651296
-3.009138 1.389528
-3.026632 0.387086
-3.026632 0.855629
-3.045663 1.129402
-3.059300 0.554811
-3.077530 0.742847
-3.089154 0.972215
-3.097210 1.351088
0.000000 0.000000
0.000000 0.150568
0.000000 0.304693
0.000000 0.466765
0.000000 0.643501
0.000000 0.848062
0.000000 1.119770
0.044382 1.351088
0.052438 0.972215
0.064062 0.742847
0.082292 0.554811
0.095930 1.129402
0.114961 0.387086
0.114961 0.855629
0.132455 1.389528
0.143348 0.651296
0.156177 0.988432
0.190126 0.231183
0.190126 0.476034
0.190126 0.757884
0.190126 1.159279
0.218512 1.520775
0.226961 0.878434
0.242564 0.571427
0.256645 1.021584
0.281035 0.317560
0.281035 0.674491
0.281035 1.213225
0.310383 0.787898
0.333473 0.408096
0.333473 0.916909
0.352095 1.073593
0.367422 0.503144
0.367422 1.303033
0.391144 0.603941
0.408638 0.712642
0.422064 0.832970
0.432689 0.972215
0.441306 1.149145
0.448434 1.520775
0.523599 0.086711
0.523599 0.174083
0.523599 0.262823
0.523599 0.353742
0.523599 0.447832
0.523599 0.546401
0.523599 0.651296
0.523599 0.765393
0.523599 0.893744
0.523599 1.047198
0.523599 1.261763
0.598763 1.520775
0.605891 1.149145
0.614508 0.972215
0.625134 0.832970
0.638560 0.712642
0.656053 0.603941
0.679776 0.503144
0.679776 1.303033
0.695102 1.073593
0.713724 0.408096
0.713724 0.916909
0.736814 0.787898
0.766163 0.317560
0.766163 0.674491
0.766163 1.213225
0.790553 1.021584
0.804634 0.571427
0.820236 0.878434
0.828685 1.520775
0.857072 0.231183
0.857072 0.476034
0.857072 0.757884
0.857072 1.159279
0.891021 0.988432
0.903850 0.651296
0.914743 1.389528
0.932237 0.387086
0.932237 0.855629
0.951268 1.129402
0.964905 0.554811
0.983135 0.742847
0.994759 0.972215
1.002815 1.351088
1.047198 0.150568
1.047198 0.304693
1.047198 0.466765
1.047198 0.643501
1.047198 0.848062
1.047198 1.119770
1.091580 1.351088
1.099636 0.972215
1.111260 0.742847
1.129490 0.554811
1.143127 1.129402
1.162158 0.387086
1.162158 0.855629
1.179652 1.389528
1.190545 0.651296
1.203374 0.988432
1.237323 0.231183
1.237323 0.476034
1.237323 0.757884
1.237323 1.159279
1.265710 1.520775
1.274159 0.878434
1.289761 0.571427
1.303842 1.021584
1.328232 0.317560
1.328232 0.674491
1.328232 1.213225
1.357581 0.787898
1.380671 0.408096
1.380671 0.916909
1.399293 1.073593
1.414619 0.503144
1.414619 1.303033
1.438342 0.603941
1.455835 0.712642
1.469261 0.832970
1.479887 0.972215
1.488504 1.149145
1.495632 1.520775
1.570796 0.086711
1.570796 0.174083
1.570796 0.262823
1.570796 0.353742
1.570796 0.447832
1.570796 0.546401
1.570796 0.651296
1.570796 0.765393
1.570796 0.893744
1.570796 1.047198
1.570796 1.261763
1.645961 1.520775
1.653089 1.149145
1.661706 0.972215
1.672331 0.832970
1.685757 0.712642
1.703251 0.603941
1.726973 0.503144
1.726973 1.303033
1.742300 1.073593
1.760922 0.408096
1.760922 0.916909
1.784012 0.787898
1.813360 0.317560
1.813360 0.674491
1.813360 1.213225
1.837750 1.021584
1.851831 0.571427
1.867434 0.878434
1.875883 1.520775
1.904269 0.231183
1.904269 0.476034
1.904269 0.757884
1.904269 1.159279
1.938218 0.988432
1.951048 0.651296
1.961941 1.389528
1.979434 0.387086
1.979434 0.855629
1.998465 1.129402
2.012103 0.554811
2.030333 0.742847
2.041957 0.972215
2.050013 1.351088
2.094395 0.150568
2.094395 0.304693
2.094395 0.466765
2.094395 0.643501
2.094395 0.848062
2.094395 1.119770
2.138777 1.351088
2.146833 0.972215
2.158457 0.742847
2.176687 0.554811
2.190325 1.129402
2.209356 0.387086
2.209356 0.855629
2.226850 1.389528
2.237743 0.651296
2.250572 0.988432
2.284521 0.231183
2.284521 0.476034
2.284521 0.757884
2.284521 1.159279
2.312907 1.520775
2.321356 0.878434
2.336959 0.571427
2.351040 1.021584
2.375430 0.317560
2.375430 0.674491
2.375430 1.213225
2.404778 0.787898
2.427868 0.408096
2.427868 0.916909
2.446490 1.073593
2.461817 0.503144
2.461817 1.303033
2.485539 0.603941
2.503033 0.712642
2.516459 0.832970
2.527085 0.972215
2.535702 1.149145
2.542829 1.520775
2.617994 0.086711
2.617994 0.174083
2.617994 0.262823
2.617994 0.353742
2.617994 0.447832
2.617994 0.546401
2.617994 0.651296
2.617994 0.765393
2.617994 0.893744
2.617994 1.047198
2.617994 1.261763
2.693159 1.520775
2.700286 1.149145
2.708903 0.972215
2.719529 0.832970
2.732955 0.712642
2.750448 0.603941
2.774171 0.503144
2.774171 1.303033
2.789497 1.073593
2.808119 0.408096
2.808119 0.916909
2.831209 0.787898
2.860558 0.317560
2.860558 0.674491
2.860558 1.213225
2.884948 1.021584
2.899029 0.571427
2.914632 0.878434
2.923080 1.520775
2.951467 0.231183
2.951467 0.476034
2.951467 0.757884
2.951467 1.159279
2.985416 0.988432
2.998245 0.651296
3.009138 1.389528
3.026632 0.387086
3.026632 0.855629
3.045663 1.129402
3.059300 0.554811
3.077530 0.742847
3.089154 0.972215
3.097210 1.351088
3.141593 0.150568
3.141593 0.304693
3.141593 0.466765
3.141593 0.643501
3.141593 0.848062
3.141593 1.119770
