  0.1995E+18  0.2805E+05  0.9859E+03  0.9191E+03
  0.2512E+18  0.2495E+05  0.8173E+03  0.8173E+03
  0.3162E+18  0.2421E+05  0.7932E+03  0.7357E+03
  0.3981E+18  0.2312E+05  0.7575E+03  0.7025E+03
  0.5012E+18  0.1963E+05  0.6900E+03  0.6432E+03
  0.6310E+18  0.1698E+05  0.6373E+03  0.5968E+03
  0.7943E+18  0.1560E+05  0.6226E+03  0.6226E+03
  0.1000E+19  0.1479E+05  0.6615E+03  0.6259E+03
  0.1259E+19  0.1213E+05  0.6305E+03  0.6011E+03
  0.1585E+19  0.1172E+05  0.6660E+03  0.6375E+03
  0.1995E+19  0.9528E+04  0.6814E+03  0.6345E+03
  0.2512E+19  0.8590E+04  0.7424E+03  0.6782E+03
  0.3162E+19  0.6982E+04  0.7801E+03  0.6913E+03
  0.3981E+19  0.8166E+04  0.9753E+03  0.8707E+03
  0.5012E+19  0.6295E+04  0.1033E+04  0.8829E+03
  0.6310E+19  0.7261E+04  0.1309E+04  0.1114E+04
  0.7943E+19  0.7311E+04  0.1601E+04  0.1318E+04
  0.1000E+20  0.7063E+04  0.1973E+04  0.1547E+04
  0.1259E+20  0.7834E+04  0.2613E+04  0.1961E+04
  0.1585E+20  0.1000E+05  0.3646E+04  0.2677E+04
  0.1995E+20  0.9226E+04  0.4610E+04  0.3077E+04
  0.2512E+20  0.4375E+04  0.5976E+04  0.2527E+04
  0.3162E+20  0.4305E+04  0.1038E+05  0.3040E+04
  0.3981E+20  0.6745E+04  0.1627E+05  0.4763E+04
  0.3162E+21  0.2673E+05  0.6110E+05  0.2210E+05
