4.875E+4	1.647E+17	0.000E+0	0.000E+0
4.490E+4	2.276E+17	0.000E+0	0.000E+0
3.845E+4	3.440E+17	0.000E+0	0.000E+0
3.639E+4	5.026E+17	0.000E+0	0.000E+0
3.374E+4	7.141E+17	0.000E+0	0.000E+0
2.824E+4	9.663E+17	0.000E+0	0.000E+0
2.421E+4	1.290E+18	0.000E+0	0.000E+0
2.526E+4	1.979E+18	0.000E+0	0.000E+0
1.946E+4	2.968E+18	0.000E+0	0.000E+0
1.353E+4	3.929E+18	0.000E+0	0.000E+0
1.062E+4	7.766E+18	0.000E+0	0.000E+0
1.256E+4	1.615E+19	0.000E+0	0.000E+0
1.186E+4	5.245E+18	1.356E+3	1.823E+3
1.099E+4	1.052E+19	1.367E+3	1.816E+3
1.937E+4	2.048E+19	5.119E+3	4.923E+3
1.254E+4	3.154E+19	5.453E+3	4.185E+3
8.927E+3	4.600E+19	6.275E+3	4.892E+3
4.832E+3	6.380E+19	9.632E+3	3.128E+3
1.720E+4	8.773E+19	1.967E+4	1.089E+4
3.208E+4	1.177E+20	3.103E+4	1.981E+4
