-4.082482904638630394e+00 -4.082482904638629506e+00
0.000000000000000000e+00 0.000000000000000000e+00
5.576775358252052506e+00 -1.494292453613423000e+00
-1.494292453613422111e+00 5.576775358252052506e+00
-6.931783690299008072e+01 -6.461819423349214730e+01
-5.965857864009939959e+01 -6.720638468451734582e+01
-7.638890471485555622e+01 -7.168926204535762281e+01
-6.672964645196488220e+01 -7.427745249638282132e+01
1.185363307811533105e+02 4.086727877903303607e+01
1.226188136857919346e+02 3.678479587439440479e+01
1.211245212321785090e+02 3.120802051614235140e+01
1.281955890440439987e+02 3.827908832800783046e+01
2.202308576989577489e+02 1.338596264036337402e+02
2.207340516143255797e+02 1.396111591747192051e+02
2.259666220624682182e+02 1.420511468465236362e+02
2.160046750815507721e+02 1.429227042740002389e+02
-1.926594037552021632e+02 1.481134685337202086e+02
-1.868999650256881466e+02 1.477107293447812992e+02
-1.843690280296517585e+02 1.425215394990127322e+02
-1.836714632922105181e+02 1.524971800016109853e+02
6.313384621987895429e+01 1.393011819219687482e+02
5.736825591276631542e+01 1.396033437062203575e+02
5.474714054042470934e+01 1.447475722721190152e+02
5.422378097799527552e+01 1.347612769245732807e+02
