-6.356889962867062316e+00 -5.833630944789016226e+00
-1.569777054234135605e+00 -1.470782104868018747e+00
3.698168465605643718e+00 -3.698168465605644162e+00
-3.592102448427661354e+00 3.592102448427661798e+00
-6.857075642601567722e+01 -6.183005193608086358e+01
-7.006414231625721811e+01 -6.740344395376878595e+01
-7.564175848804885050e+01 -6.890087436623159078e+01
-6.598250022515816227e+01 -7.148906481725680351e+01
1.164952689607164302e+02 4.290834059946990919e+01
1.205752750881628117e+02 3.882833447202352772e+01
1.190832797798591969e+02 3.324926196846166704e+01
1.261543475917246724e+02 4.032032978032714254e+01
2.199792828821308603e+02 1.309841130892446870e+02
2.204821715177848489e+02 1.367321564972340582e+02
2.257150251047843028e+02 1.391753804609809038e+02
2.157530781238668567e+02 1.400469378884575065e+02
-1.955388697009382213e+02 1.483148204074054206e+02
-1.897829251309390486e+02 1.479123255539018089e+02
-1.872487473944087810e+02 1.427229090934821727e+02
-1.865511826569675122e+02 1.526985495960804258e+02
6.601638768374093047e+01 1.391501143251564656e+02
6.025429526820703074e+01 1.394520927926782576e+02
5.762993569398103233e+01 1.445964913799932390e+02
5.710657613155159851e+01 1.346101960324474760e+02
